0.00e+00 3.14e+00
2.00e+00 0.00e+00
2.00e+00 0.00e+00
2.00e+00 0.00e+00
2.00e+00 0.00e+00
2.00e+00 0.00e+00
2.00e+00 0.00e+00
2.00e+00 0.00e+00
2.00e+00 0.00e+00
0.00e+00 -3.14e+00
2.00e+00 0.00e+00
2.00e+00 0.00e+00
2.00e+00 0.00e+00
2.00e+00 0.00e+00
2.00e+00 0.00e+00
0.00e+00 -1.57e+00
2.00e+00 0.00e+00
0.00e+00 -3.14e+00
0.00e+00 -1.57e+00
0.00e+00 -3.14e+00
0.00e+00 -1.57e+00
2.00e+00 0.00e+00
0.00e+00 -3.14e+00
2.00e+00 0.00e+00
0.00e+00 -1.57e+00
0.00e+00 -1.57e+00
0.00e+00 -1.57e+00
0.00e+00 -1.57e+00
0.00e+00 -1.57e+00
0.00e+00 -1.57e+00
2.00e+00 0.00e+00
